farm <-
structure(c(480, 1111, 369, 630, 256, 371, 570, 210, 212, 749, 
1364, 1574, 1298, 425, 887, 205, 303, 1081, 367, 410, 920, 406, 
613, 2699, 2530, 682, 1551, 1247, 622, 628, 1149, 253, 4934, 
809, 217, 522, 1094, 1927, 578, 1856, 698, 328, 767, 1282, 720, 
772, 1509, 1175, 669, 515, 407, 238, 1577, 349, 1756, 185, 1104, 
986, 771, 469, 1722, 337, 418, 3642, 2232, 2597, 4741, 4179, 
1745, 836, 1877, 900, 397, 1386, 502, 1330, 1538, 2702, 578, 
4446, 2379, 2918, 5577, 1484, 893, 968, 1235, 1486, 462, 1478, 
2071, 626, 761, 345, 2233, 855, 548, 209, 914, 3.99, 6.18, 3.13, 
5.81, 4.55, 2.08, 3.37, 3.19, 4.02, 5.32, 8.18, 11.99, 5.67, 
2.99, 6.5, 7.39, 2.5, 7.03, 1.55, 2.5, 7.2, 4.9, 10.21, 14.26, 
14.31, 5.04, 36.28, 5.32, 6.82, 8.1, 9.93, 1.64, 25.77, 4.73, 
2.25, 6.29, 1.56, 10.77, 10.44, 9.77, 14, 1.16, 2.61, 0.78, 12.57, 
1.75, 8.35, 8.13, 1.44, 5.72, 0.12, 3.1, 4.35, 0.95, 7.63, 1.07, 
4.81, 8.9, 5.81, 8.16, 0.6, 5.58, 1.38, 25.75, 11.5, 25.25, 15.25, 
0.71, 0.61, 7.48, 2.69, 9.46, 2.53, 5.14, 4.15, 2, 6.1, 18.87, 
4.25, 28.29, 0.83, 7.25, 22.47, 7.58, 5.59, 4.31, 3.59, 4.34, 
2.64, 4.52, 7.78, 4.66, 3.12, 6.19, 10.08, 2.26, 2.7, 1.33, 3.66, 
2.19, 4.98, 2.01, 3.23, 3.32, 1.17, 2.99, 1.33, 1.35, 6.38, 3.44, 
15.98, 9.79, 2.8, 4.79, 1.86, 2.22, 3.8, 2.2, 2.39, 4.48, 3.94, 
5.73, 15.94, 19.26, 3.35, 4.87, 3.14, 6.2, 4.36, 7.59, 1.81, 
44.69, 6.54, 1.99, 1.96, 0.74, 4.66, 3.76, 8.18, 7.4, 0.9, 3.77, 
0.5, 1.81, 1.36, 6.86, 7.63, 2.36, 1.32, 0.07, 0.87, 4.35, 1.4, 
9.02, 1.37, 4.61, 16.78, 7.44, 13.02, 0.29, 1.89, 0.84, 47, 14.37, 
49.7, 29, 0, 0.3, 4.12, 1.9, 11.76, 1.36, 3.49, 1.57, 0.7, 8.6, 
11.54, 3.34, 21.59, 1.22, 10.97, 19.63, 8.82, 5.16, 4.99, 4.76, 
7.68, 1.89, 4.34, 8.02, 4.24, 3.13, 5.03, 15.4, 3.85, 3.15, 1.85, 
6.46, 1.56, 1.5, 1.74, 1.56, 1.39, 1.5, 1.33, 1.09, 1.77, 2.94, 
2.68, 1.75, 1.75, 1.75, 1.75, 0.81, 1.75, 2.71, 2.25, 1.75, 1.82, 
2.25, 2.5, 3.25, 2.5, 1.75, 2.72, 1.61, 2.25, 2.5, 2.5, 1.83, 
4.73, 1.75, 1.75, 1.47, 1.38, 2.12, 1.54, 2.27, 1.8, 2, 2.01, 
2.97, 1.29, 1.88, 1.66, 1.71, 1.75, 1.3, 0.67, 1.27, 1.88, 0.99, 
2.75, 1.38, 2, 1.95, 1.56, 1.58, 1, 1.84, 1.07, 1.5, 3.82, 2.5, 
2.54, 1.5, 1.75, 1.25, 1.75, 2.5, 2.32, 2.5, 1.16, 1.23, 1.83, 
5.4, 2.88, 4.3, 1.8, 1.75, 4.16, 1.8, 2.28, 1.8, 1.8, 2.4, 1.8, 
2.3, 3.8, 1.55, 2.51, 1.21, 3.68, 1.5, 3.43, 1.37, 2.55, 4798, 
8513, 2091, 4081, 4612, 3156, 4746, 1969, 3820, 9682, 11390, 
13592, 6887, 4449, 6031, 0, 4153, 7721, 3963, 3475, 10658, 6104, 
10926, 12828, 14832, 6970, 15367, 10826, 10297, 7561, 13537, 
3149, 8096, 6474, 2081, 5736, 589, 11980, 5955, 7026, 12925, 
1724, 5865, 3494, 9088, 5750, 12217, 12581, 4046, 8355, 511, 
3444, 3997, 1457, 14527, 4356, 7613, 8847, 5724, 12011, 3157, 
2996, 4098, 5806, 14837, 0, 0, 11901, 6556, 16639, 5027, 3642, 
11784, 15872, 9174, 3553, 4572, 24615, 6862, 26199, 3731, 17840, 
28657, 12828, 8810, 2381, 1571, 2469, 1919, 8907, 17866, 12085, 
5561, 4749, 15822, 0, 3250, 2076, 4393, 5701, 11423, 3122, 5661, 
5890, 4789, 7771, 2412, 4426, 13696, 16815, 21551, 13435, 5389, 
9698, 373, 4860, 10987, 7735, 5626, 14531, 6944, 12874, 21805, 
27458, 11048, 19275, 15655, 12150, 9584, 20262, 3731, 26284, 
9461, 2668, 9481, 1458, 16304, 8649, 10882, 17057, 2808, 6867, 
6027, 12695, 7912, 16615, 16240, 6095, 9951, 668, 5523, 7863, 
1557, 23103, 5918, 12664, 17250, 10770, 16698, 5192, 5528, 9314, 
26854, 22991, 7001, 16171, 25074, 6807, 19156, 9844, 10691, 13361, 
40472, 11485, 4280, 10870, 31555, 7628, 38811, 5575, 24868, 39518, 
15242, 9928, 4608, 4320, 6135, 2753, 11023, 20923, 14414, 6884, 
5704, 20856, 1648, 5026, 2507, 5845, 0, 0, 0, 0, 0, 0, 0, 0, 
0, 0, 100, 212, 0, 0, 0, 0, 0, 0, 570, 0, 0, 0, 0, 0, 0, 0, 0, 
0, 0, 0, 0, 0, 11926, 0, 0, 0, 0, 0, 0, 700, 0, 0, 0, 0, 0, 0, 
0, 167, 0, 0, 0, 0, 1400, 60, 0, 0, 0, 0, 0, 0, 394, 0, 0, 1000, 
0, 431, 1785, 0, 13, 0, 0, 0, 0, 2695, 0, 0, 154, 0, 0, 7274, 
0, 750, 725, 0, 0, 0, 0, 0, 0, 0, 100, 0, 0, 0, 338, 0, 0, 0, 
0, 0, 60, 500, 90, 0, 24, 280, 0, 22, 32, 194, 851, 180, 0, 0, 
0, 125, 0, 770, 0, 315, 0, 0, 207, 0, 0, 105, 0, 55, 0, 4425, 
0, 0, 0, 0, 100, 0, 253, 0, 1073, 3000, 0, 0, 0, 0, 0, 0, 50, 
0, 0, 0, 0, 0, 0, 300, 0, 139, 32, 0, 0, 0, 0, 2496, 254, 56, 
2550, 1958, 342, 0, 2319, 0, 53, 203, 14322, 490, 3811, 159, 
0, 0, 887, 0, 77, 597, 0, 206, 0, 0, 0, 0, 0, 0, 0, 0, 0, 42, 
0, 90, 0, 175, 0, 0, 0, 0, 0, 0, 0, 0, 0, 0, 0, 0, 0, 0, 0, 0, 
0, 0, 0, 0, 0, 0, 0, 0, 0, 0, 0, 0, 0, 0, 0, 0, 0, 0, 0, 0, 0, 
0, 0, 978, 0, 0, 0, 0, 0, 0, 0, 0, 0, 0, 0, 0, 0, 0, 0, 0, 0, 
0, 0, 0, 0, 0, 1000, 0, 0, 0, 0, 0, 0, 0, 0, 0, 0, 0, 0, 3940, 
0, 0, 0, 0, 0, 0, 0, 0, 0, 0, 0, 0, 0, 0, 0, 0, 0, 0, 0, 0, 0, 
0, 0, 199, 305, 609, 590, -113, 424, 223, 69, 331, 814, 2285, 
365, 429, 103, 117, 208, 117, 955, 656, 667, 1265, 95, 264, 521, 
243, 1562, 2454, 2760, 230, 476, 469, 365, 288, 337, 75, 503, 
1697, 4230, 879, 2279, 63, 106, 44, 41, 1471, 749, 643, 196, 
189, 1506, 246, 355, 1753, 745, 103, 104, 514, 372, -32, 156, 
829, 216, 252, 989, 337, 8934, 2262, 0, 648, 321, 3178, 746, 
605, 21233, 551, 2926, 3191, 848, 962, 715, 256, 471, 1202, 822, 
673, 765, 876, 608, 103, 628, 1335, 263, 600, 385, 265, 560, 
754, 378, 806, 191, 2188, 162, 511, 270, 514, 928, 163, 58, 124, 
70, 5224, 3041, 612, 656, 0, 267, 815, -51, 209, 492, 427, 476, 
6780, 8559, 75, 0, 0, 546, 437, 1950, 118, 16575, 1028, 238, 
201, 0, 300, 211, 173, 527, 282, 410, 4468, 0, 1387, 680, 1465, 
3471, 0, 0, 379, 10, 0, 7416, 355, 1488, 4672, 1588, 510, 0, 
378, 3614, 7128, 6728, 0, 13259, 18622, 0, -1250, 0, 1076, 20, 
0, 95, 0, 3434, 6695, 146, 12311, 234, 4302, 9484, 1608, 729, 
1577, 2670, 2260, 1004, 1711, 2861, 547, 1839, 86, 2854, 682, 
316, 80, 461, 33, 198, 54, 105, 0, 33, 128, 0, 33, 100, 190, 
439, 138, 130, 243, 33, 94, 90, 149, 113, 154, 33, 87, 603, 660, 
254, 39, 53, 148, 0, 121, 0, 764, 64, 55, 0, 0, 233, 156, 228, 
391, 378, 456, 0, 82, 33, 251, 143, 126, 53, 33, 162, 136, 33, 
306, 33, 228, 359, 180, 324, 33, 33, 33, 918, 979, 4207, 1443, 
87, 87, 271, 87, 59, 13, 0, 0, 0, 33, 33, 37, 284, 83, 224, 143, 
118, 33, 0, 80, 0, 0, 0, 540, 0, 0, 33, 0, 172, 63, 33, 151, 
0, 0, 0, 0, 0, 0, 0, 0, 0, 0, 0, 0, 0, 0, 0, 0, 0, 0, 0, 0, 0, 
0, 11, 0, 0, 0, 0, 0, 0, 0, 0, 0, 0, 0, 0, 0, 0, 0, 0, 0, 0, 
0, 0, 0, 0, 0, 0, 0, 0, 0, 0, 0, 0, 0, 0, 0, 0, 0, 0, 0, 0, 0, 
0, 0, 0, 0, 0, 0, 0, 0, 0, 0, 0, 0, 0, 0, 0, 0, 0, 0, 0, 0, 0, 
0, 0, 0, 0, 0, 0, 0, 0, 0, 0, 0, 0, 0, 0, 0, 0, 18, -20, 47, 
136, 0, 9, 0, 20, 17, 147, -20, 0, 209, 47, -2, 88, -4, 130, 
22, 218, 107, 82, 149, 29, 0, 206, 30, 0, 77, 143, -12, 19, -385, 
15, 21, -2, 0, 120, 26, 0, 0, -3, 8, 41, 0, 0, 32, 23, 20, 0, 
0, 17, 0, 0, 0, 28, 55, 0, -120, 0, 0, 0, 0, 42, 90, 8934, 1612, 
0, 0, 154, 134, 179, -18, 0, 18, 0, 0, -8, 169, 144, 13, 40, 
0, 148, 80, 33, 35, 39, -16, 11, 319, 14, 28, 41, 120, 189, 38, 
51, 171, 0, 0, 0, 0, 0, 0, 0, 0, 0, 0, 0, 0, 0, 0, 0, 0, 0, 0, 
0, 0, 0, 0, 21, 0, 0, 0, 0, 0, 0, 0, 0, 1, 0, 0, 0, 0, 0, 0, 
0, 0, 0, 1, 0, 0, 0, 0, 0, 0, 0, 0, 0, 0, 0, 0, 0, 0, 0, 0, 0, 
0, 0, 0, 0, 0, 0, 0, 0, 0, 0, 0, 0, 0, 0, 0, 0, 0, 0, 0, 0, 0, 
0, 0, -69, 0, 0, 0, 2, 0, 0, 0, 0, 0, 0, 14, 0, 5, 6, 0, 9, 0, 
0, 1, 7, 0, 0, 0, 1, 6, 19, 0, 0, 0, 21, 14, 28, 15, 6, 7, 6, 
6, 4, 19, 0, 0, 6, -2, 0, 19, 24, 6, 10, 0, 12, 5, 0, 0, 0, 0, 
0, 0, -1, -3, 0, 0, 0, 6, 0, 20, 0, 0, 0, 0, 0, 0, 0, 6, 0, 0, 
0, 0, 0, 0, 0, 0, 0, 0, 0, 0, 10, 0, 0, 0, 0, 0, 0, 0, 13, 10, 
0, 1, 0, 0, 7, 19, 0, 6, 3, 9, 0, 6, 0, 11, -1, 0, 31, 6, 6, 
20, 17, 9, 38, 47, 12, 18, 30, 0, 21, 22, 10, 30, 28, 27, 34, 
24, 24, 30, 20, 44, 28, 18, 34, 40, 20, 30, 65, 0, 24, 34, 24, 
12, 25, 18, 13, 6, 0, 100, 83, 63, -30, 22, 14, 0, 0, 14, 118, 
31, 17, 16, 0, 20, 0, 0, 24, 27, 28, 20, 30, 40, 0, 23, 0, 80, 
30, 0, 0, 0, 0, 96, 122, 40, 10, 0, 11, 0, 0, 55, 38, 18, 16, 
138, 32, 24, 51, 98, 54, 39, -35, 543, 217, 25, 256, 32, 0, 39, 
37, 27, 44, 0, 0, 0, 0, 0, 0, 0, 0, 0, 0, 0, 0, 0, 0, 0, 0, 0, 
0, 0, 0, 0, 0, 0, 0, 0, 0, 0, 0, 0, 0, 0, 0, 0, 0, 0, 0, 134, 
